e1_fresh_night -> v1_fix_fresh
          frames  lum_a  lum_b  mean_d  mean_abs_d  max_abs_d
route_id                                                     
90012270     135  16.47  67.39   50.91       50.92      67.39
90012320     158  21.34  67.75   46.41       46.41      64.66
90013340     147  18.32  18.36    0.04        0.08       0.34

e0_stock -> e5_mute_street
          frames  lum_a  lum_b  mean_d  mean_abs_d  max_abs_d
route_id                                                     
90012140     132  67.24  68.03    0.79        0.79       1.34

e0_stock -> v2_fix_reused
          frames   lum_a   lum_b  mean_d  mean_abs_d  max_abs_d
route_id                                                       
90002860     128  108.66  108.64   -0.02        0.06       1.27
90003010      65  109.19  109.06   -0.13        0.17       1.27
90003260      93  159.69  159.52   -0.17        0.22       1.18
90012140     132   67.24   68.03    0.79        0.79       1.28
90012320     158   66.87   67.60    0.74        0.74       1.26
90018550      89   28.30   41.54   13.24       13.24      30.57
90020490     156  128.19  128.19    0.00        0.00       0.03

e2_night_then_day -> v3_fix_night_then_day
          frames   lum_a   lum_b  mean_d  mean_abs_d  max_abs_d
route_id                                                       
90002710     131   94.69   94.76    0.08        0.09       2.53
90002740      69  124.35  124.37    0.02        0.13       2.44
90002850      63  109.26  109.34    0.07        0.11       1.27
90002860     128  108.70  108.66   -0.04        0.06       0.24
90020340     118   44.35   46.87    2.52        2.52       3.67
90020370     103   44.33   46.88    2.54        2.54       3.76
90020490     156  128.22  128.19   -0.03        0.03       0.05
90020560     156  128.35  128.35    0.00        0.00       0.07

